Some((
    red: 0.5942133,
    green: 0.58411545,
    blue: 1.0,
    alpha: 1.0,
))