Some((
    red: 0.36174715,
    green: 0.1716339,
    blue: 0.93203616,
))