Some((
    red: 0.047544725,
    green: 0.049793787,
    blue: 0.054291904,
    alpha: 1.0,
))